1
2
3
4
5
6
7
8
9
10
11
12
13
14
15
16
17
18
19
20
21
22
23
24
25
26
27
28
29
30
31
32
34
35
36
38
39
40
41
42
43
44
45
46
47
48
49
50
52
54
55
57
58
60
61
62
63
64
65
66
68
69
70
71
72
73
74
75
76
78
79
80
81
82
83
85
86
87
88
89
92
93
94
95
96
97
99
100
101
102
103
104
105
107
110
111
112
113
114
116
117
118
121
122
123
124
125
126
132
135
140
141
144
145
146
147
148
149
150
151
152
153
154
155
156
157
158
159
160
161
162
163
164
165
166
168
169
170
171
172
173
174
175
176
177
178
179
180
181
182
183
184
185
186
187
188
189
190
191
193
194
195
196
198
199
200
201
202
203
204
205
206
207
208
209
210
211
212
213
214
215
216
217
218
219
222
223
224
225
227
228
229
230
231
232
233
234
235
236
237
238
239
240
241
242
243
246
247
248
249
250
251
252
253
254
255
256
257
258
259
260
261
262
263
265
266
267
268
269
270
271
272
273
274
275
276
277
278
279
280
281
282
287
288
289
290
291
292
293
294
295
296
297
298
299
300
301
302
303
304
305
306
307
308
309
312
313
314
315
316
317
318
319
320
321
322
324
325
326
327
328
329
330
331
332
333
334
335
336
337
338
339
340
341
342
343
344
345
346
347
348
349
350
351
352
353
354
355
356
357
358
359
360
361
362
363
364
365
366
367
368
369
370
371
372
373
374
375
376
377
378
379
380
381
382
383
384
386
387
388
390
391
392
393
405
407
408
409
410
412
413
414
415
416
417
418
419
420
421
422
423
424
425
426
427
428
429
431
432
433
434
435
436
437
438
440
441
442
443
444
445
446
448
449
450
451
452
453
454
455
456
457
458
459
460
461
463
464
465
466
467
468
469
471
472
473
474
475
477
479
480
481
482
483
484
485
486
487
488
489
490
491
492
493
494
495
496
497
498
499
500
501
502
504
505
506
507
508
509
510
511
512
513
514
515
516
517
518
519
520
521
522
523
524
527
528
529
531
532
533
534
535
536
537
538
539
540
541
542
543
544
546
547
548
549
550
551
552
553
554
555
556
558
562
563
565
567
568
569
574
575
577
580
581
583
585
586
587
588
589
590
592
593
594
595
596
597
599
600
602
603
605
606
608
609
610
611
612
613
615
616
617
618
619
621
626
627
628
631
632
633
635
637
638
639
640
645
647
648
650
653
656
659
661
662
663
664
665
667
668
670
671
673
674
678
680
681
685
688
691
692
694
695
697
700
702
703
704
705
707
708
709
710
711
714
715
716
718
719
720
722
724
725
726
728
731
733
735
736
737
741
742
743
745
746
747
748
750
753
754
757
759
760
761
762
764
765
766
767
778
779
780
781
782
783
784
785
786
788
798
799
800
801
802
803
804
805
806
808
809
810
813
818
824
828
829
830
832
833
835
836
837
838
839
840
841
842
846
848
849
850
851
852
858
860
861
862
866
869
875
879
880
881
882
885
886
888
891
892
893
896
897
898
899
900
901
902
903
904
905
906
907
908
909
910
911
912
913
914
915
916
917
918
919
920
921
922
923
924
926
927
928
929
930
931
932
933
934
935
936
937
938
940
941
942
943
944
945
946
947
948
949
950
951
952
953
954
955
956
959
961
963
964
965
968
969
970
971
973
976
982
986
987
988
990
991
993
994
996
998
999
1003
1004
1005
1006
1007
1008
1009
1010
1011
1012
1013
1014
1015
1016
1017
1018
1019
1020
1021
1022
1023
1024
1025
1027
1028
1029
1030
1031
1032
1033
1034
1035
1036
1037
1041
1042
1043
1044
1046
1047
1049
1050
1051
1054
1055
1056
1057
1059
1060
1061
1064
1066
1068
1069
1073
1076
1077
1078
1079
1080
1081
1082
1083
1084
1085
1086
1087
1088
1089
1090
1091
1092
1093
1094
1095
1096
1097
1099
1100
1101
1103
1104
1105
1111
1112
1113
1114
1117
1120
1124
1125
1126
1127
1128
1129
1130
1131
1132
1135
1136
1147
1148
1150
1151
1161
1162
1167
1169
1171
1172
1173
1175
1176
1177
1178
1179
1180
1183
1184
1185
1186
1187
1188
1189
1190
1191
1192
1193
1194
1196
1197
1198
1199
1200
1201
1202
1203
1204
1206
1207
1208
1209
1210
1211
1212
1213
1214
1215
1216
1217
1218
1219
1220
1221
1222
1223
1224
1225
1226
1227
1228
1230
1231
1232
1233
1234
1235
1236
1237
1238
1240
1241
1242
1243
1244
1245
1246
1247
1248
1249
1250
1251
1252
1253
1254
1255
1256
1257
1258
1259
1260
1261
1262
1263
1264
1265
1266
1267
1268
1269
1270
1271
1272
1273
1274
1275
1276
1277
1278
1279
1280
1281
1282
1283
1284
1285
1286
1287
1288
1289
1290
1291
1292
1293
1295
1296
1297
1298
1299
1300
1301
1302
1303
1304
1305
1306
1307
1310
1312
1317
1320
1321
1327
1329
1330
1331
1332
1333
1334
1337
1339
1340
1341
1342
1343
1344
1345
1346
1347
1348
1350
1351
1352
1353
1354
1355
1356
1357
1358
1359
1361
1363
1365
1366
1367
1370
1371
1372
1373
1374
1375
1376
1377
1378
1379
1380
1381
1382
1385
1387
1388
1389
1390
1391
1392
1393
1394
1395
1396
1397
1398
1399
1401
1404
1405
1406
1407
1408
1409
1410
1411
1412
1413
1414
1415
1416
1417
1419
1422
1425
1427
1428
1429
1431
1432
1437
1438
1440
1441
1442
1445
1446
1447
1449
1450
1453
1454
1456
1457
1459
1460
1461
1463
1464
1465
1466
1468
1472
1474
1475
1476
1477
1479
1480
1482
1483
1484
1485
1487
1488
1489
1496
1497
1498
1499
1500
1502
1503
1507
1513
1515
1516
1517
1518
1523
1526
1527
1529
1533
1535
1537
1539
1541
1542
1544
1545
1546
1547
1550
1552
1554
1556
1562
1564
1566
1569
1570
1571
1572
1573
1580
1581
1582
1584
1586
1587
1588
1589
1590
1591
1592
1593
1594
1595
1596
1597
1598
1600
1601
1603
1604
1605
1606
1608
1609
1610
1611
1612
1613
1614
1615
1616
1617
1619
1620
1621
1623
1624
1625
1626
1627
1629
1631
1633
1635
1639
1640
1641
1642
1643
1644
1645
1646
1647
1648
1649
1650
1653
1654
1655
1658
1660
1661
1663
1665
1667
1669
1670
1671
1672
1673
1674
1676
1678
1680
1681
1682
1683
1684
1686
1687
1688
1689
1690
1693
1694
1696
1699
1701
1702
1703
1704
1707
1711
1713
1717
1719
1721
1722
1726
1727
1728
1729
1730
1732
1733
1734
1735
1744
1746
1747
1748
1752
1753
1754
1755
1756
1757
1759
1760
1762
1769
1771
1772
1777
1779
1783
1784
1785
1788
1791
1792
1794
1797
1799
1801
1804
1805
1806
1809
1810
1814
1816
1821
1824
1827
1829
1831
1833
1834
1835
1836
1837
1839
1840
1841
1844
1845
1846
1848
1854
1855
1856
1858
1859
1860
1862
1863
1865
1866
1869
1870
1873
1875
1876
1879
1880
1881
1882
1883
1884
1885
1887
1888
1889
1892
1894
1895
1896
1897
1900
1902
1904
1907
1909
1910
1911
1912
1913
1914
1916
1917
1918
1919
1920
1921
1923
1924
1925
1927
1929
1931
1932
1934
1935
1936
1937
1938
1939
1940
1941
1942
1943
1944
1945
1946
1947
1948
1949
1950
1951
1952
1953
1954
1955
1956
1957
1958
1959
1960
1961
1962
1963
1964
1965
1966
1967
1968
1969
1970
1971
1972
1973
1974
1975
1976
1977
1978
1979
1980
1981
1982
1983
1984
1985
1986
1987
1991
1992
1993
1994
1995
1996
1997
1998
1999
2000
2001
2002
2003
2004
2005
2006
2007
2009
2010
2011
2012
2013
2014
2015
2016
2017
2018
2019
2020
2021
2022
2023
2024
2025
2026
2027
2028
2029
2033
2034
2035
2036
2037
2038
2040
2041
2042
2043
2045
2046
2048
2050
2051
2052
2053
2054
2057
2058
2059
2060
2062
2064
2065
2066
2067
2068
2069
2070
2071
2072
2073
2074
2075
2076
2077
2078
2080
2081
2082
2083
2084
2085
2087
2088
2089
2090
2091
2092
2093
2094
2095
2096
2097
2098
2099
2100
2102
2104
2105
2106
2107
2108
2109
2110
2111
2112
2114
2115
2116
2117
2118
2119
2120
2121
2122
2123
2124
2125
2126
2128
2130
2131
2132
2133
2134
2135
2136
2137
2138
2139
2140
2141
2142
2143
2144
2145
2146
2147
2148
2149
2150
2151
2152
2153
2154
2155
2159
2160
2161
2162
2163
2165
2166
2167
2168
2169
2170
2171
2173
2174
2176
2177
2178
2179
2180
2181
2182
2183
2184
2185
2186
2187
2188
2190
2193
2194
2195
2201
2202
2203
2204
2205
2206
2208
2210
2211
2212
2227
2231
2232
2236
2237
2238
2239
2240
2241
2243
2245
2247
2248
2249
2250
2252
2253
2255
2259
2261
2262
2263
2264
2265
2266
2267
2268
2269
2271
2272
2273
2275
2276
2278
2279
2280
2282
2283
2284
2285
2287
2288
2289
2290
2291
2294
2295
2296
2297
2300
2301
2302
2303
2306
2310
2311
2312
2313
2314
2315
2316
2318
2320
2321
2322
2323
2324
2325
2327
2328
2329
2330
2331
2333
2334
2335
2336
2337
2338
2340
2341
2342
2344
2345
2346
2347
2348
2349
2351
2352
2353
2354
2355
2356
2357
2359
2360
2361
2362
2363
2364
2365
2366
2367
2369
2370
2371
2372
2373
2374
2375
2376
2377
2378
2379
2380
2381
2382
2383
2384
2385
2387
2389
2390
2391
2392
2393
2394
2395
2396
2398
2399
2400
2401
2402
2403
2404
2405
2406
2407
2408
2409
2410
2411
2412
2413
2414
2416
2417
2418
2419
2420
2421
2422
2423
2424
2425
2427
2428
2429
2430
2431
2432
2433
2434
2435
2436
2437
2439
2440
2442
2443
2445
2446
2447
2448
2450
2451
2453
2454
2455
2456
2457
2458
2459
2460
2463
2467
2468
2469
2470
2471
2472
2473
2474
2475
2476
2478
2481
2482
2483
2485
2488
2490
2491
2492
2493
2495
2496
2497
2498
2499
2500
2501
2502
2504
2505
2506
2507
2511
2513
2514
2517
2518
2519
2520
2521
2522
2524
2525
2526
2527
2528
2529
2530
2531
2532
2533
2535
2539
2540
2541
2542
2546
2548
2549
2550
2551
2553
2554
2555
2557
2558
2559
2560
2561
2562
2563
2565
2567
2568
2570
2571
2572
2573
2574
2575
2579
2580
2581
2582
2583
2585
2587
2589
2590
2593
2594
2596
2597
2598
2599
2600
2605
2606
2607
2609
2610
2611
2612
2613
2615
2616
2617
2618
2620
2621
2622
2624
2625
2626
2628
2629
2630
2633
2634
2639
2640
2641
2642
2643
2644
2647
2648
2649
2651
2652
2654
2656
2657
2659
2660
2661
2662
2664
2665
2668
2669
2670
2671
2672
2676
2677
2681
2682
2683
2686
2687
2688
2690
2691
2692
2693
2694
2696
2697
2699
2700
2701
2702
2704
2706
2707
2708
2709
2710
2711
2712
2713
2714
2716
2717
2718
2719
2720
2721
2722
2723
2724
2725
2726
2727
2728
2729
2730
2731
2732
2734
2735
2736
2738
2739
2741
2744
2745
2746
2747
2748
2749
2750
2751
2752
2753
2757
2759
2761
2762
2763
2764
2765
2766
2769
2770
2771
2772
2774
2779
2780
2781
2782
2784
2786
2787
2788
2789
2790
2791
2792
2793
2794
2795
2796
2797
2798
2799
2800
2801
2802
2803
2804
2805
2806
2807
2808
2810
2812
2815
2816
2819
2820
2822
2826
2827
2828
2829
2835
2836
2840
2841
2842
2843
2844
2846
2847
2848
2851
2852
2856
2857
2858
2859
2860
2861
2862
2863
2866
2867
2870
2871
2872
2874
2875
2876
2877
2879
2880
2881
2882
2883
2885
2888
2889
2890
2891
2893
2894
2898
2899
2900
2901
2902
2903
2905
2906
2907
2908
2912
2915
2916
2917
2918
2919
2920
2921
2922
2924
2925
2926
2927
2928
2929
2931
2932
2935
2936
2937
2938
2939
2940
2941
2942
2943
2944
2946
2947
2948
2949
2950
2951
2952
2953
2956
2959
2961
2962
2966
2967
2968
2969
2970
2971
2972
2973
2975
2976
2977
2978
2983
2985
2986
2987
2988
2989
2990
2991
2993
2995
2996
2997
3000
3002
3004
3005
3006
3007
3008
3010
3011
3013
3015
3016
3017
3018
3019
3020
3022
3024
3028
3029
3030
3032
3033
3034
3035
3036
3037
3038
3039
3040
3044
3045
3046
3051
3052
3053
3054
3055
3060
3061
3062
3063
3066
3067
3068
3069
3070
3071
3072
3074
3075
3076
3077
3078
3079
3081
3082
3083
3086
3087
3088
3089
3090
3091
3093
3094
3095
3096
3097
3098
3099
3100
3101
3102
3103
3104
3105
3107
3108
3109
3111
3112
3113
3114
3115
3117
3118
3120
3125
3127
3128
3129
3130
3133
3134
3135
3138
3141
3142
3145
3146
3147
3148
3150
3152
3153
3155
3156
3157
3158
3159
3160
3163
3167
3168
3169
3173
3174
3175
3176
3177
3178
3179
3181
3182
3185
3186
3188
3189
3190
3194
3196
3197
3198
3199
3200
3201
3203
3204
3206
3208
3210
3211
3213
3214
3217
3219
3221
3223
3224
3225
3230
3235
3238
3241
3243
3244
3246
3247
3248
3249
3250
3251
3252
3253
3254
3255
3256
3257
3258
3259
3260
3261
3262
3263
3264
3265
3266
3267
3268
3269
3270
3271
3272
3273
3274
3275
3276
3281
3284
3285
3286
3287
3289
3296
3298
3299
3300
3301
3302
3304
3306
3307
3308
3310
3311
3316
3317
3320
3324
3325
3326
3327
3328
3329
3330
3334
3338
3339
3341
3342
3347
3350
3354
3355
3357
3358
3359
3360
3361
3362
3363
3364
3365
3368
3370
3371
3372
3379
3384
3385
3386
3387
3388
3391
3392
3394
3396
3397
3398
3399
3401
3404
3405
3406
3408
3409
3412
3414
3415
3417
3418
3420
3421
3422
3423
3424
3425
3426
3427
3428
3429
3430
3431
3435
3436
3438
3439
3440
3441
3444
3445
3446
3447
3448
3450
3451
3452
3453
3454
3456
3457
3459
3461
3462
3466
3467
3468
3469
3470
3471
3475
3476
3477
3478
3479
3480
3481
3483
3484
3487
3489
3494
3497
3498
3499
3500
3501
3502
3503
3504
3505
3506
3507
3508
3509
3510
3511
3512
3513
3514
3515
3516
3519
3521
3524
3525
3526
3527
3528
3529
3534
3535
3536
3537
3538
3539
3543
3544
3545
3546
3547
3548
3549
3550
3551
3552
3553
3554
3555
3556
3557
3559
3564
3565
3566
3569
3571
3576
3578
3581
3584
3587
3590
3591
3593
3594
3597
3598
3599
3600
3604
3606
3608
3613
3614
3615
3616
3617
3618
3619
3622
3623
3624
3627
3628
3629
3632
3633
3634
3635
3638
3639
3643
3645
3646
3649
3653
3654
3655
3658
3660
3668
3671
3672
3675
3676
3677
3678
3679
3680
3681
3682
3683
3684
3685
3686
3688
3689
3690
3693
3696
3697
3698
3699
3700
3701
3702
3703
3704
3705
3706
3707
3708
3709
3710
3712
3713
3717
3718
3719
3720
3723
3724
3725
3726
3727
3728
3729
3730
3731
3732
3733
3734
3735
3736
3738
3739
3740
3741
3742
3743
3744
3745
3746
3747
3751
3752
3753
3754
3755
3758
3760
3761
3763
3764
3765
3766
3769
3770
3771
3773
3783
3784
3785
3786
3787
3788
3789
3790
3791
3792
3793
3794
3795
3798
3799
3801
3802
3807
3808
3809
3810
3811
3812
3813
3814
3816
3819
3821
3822
3823
3824
3825
3826
3827
3830
3831
3834
3835
3836
3837
3840
3841
3843
3844
3846
3849
3851
3852
3854
3855
3857
3858
3859
3861
3862
3863
3864
3865
3868
3869
3871
3872
3873
3877
3879
3882
3889
3892
3893
3895
3896
3897
3898
3901
3903
3906
3908
3909
3910
3911
3914
3915
3916
3917
3918
3919
3920
3925
3926
3927
3928
3929
3930
3932
3936
3937
3943
3946
3947
3948
3949
3950
3951
3952
3953
3955
3956
3957
3959
3961
3963
3964
3965
3966
3967
3968
3969
3972
3973
3975
3977
3978
3979
3980
3981
3983
3984
3985
3986
3987
3988
3989
3990
3991
3992
3993
3994
3996
3997
3998
3999
4000
4002
4003
4005
4006
4007
4008
4009
4010
4011
4012
4014
4015
4016
4017
4018
4019
4020
4021
4022
4023
4024
4025
4027
4028
4029
4030
4031
4033
4034
4035
4036
4037
4039
4040
4041
4042
4043
4046
4047
4052
4054
4055
4056
4061
4062
4063
4066
4067
4068
4069
4077
4079
4080
4082
4084
4085
4086
4089
4090
4091
4092
4095
4098
4102
4103
4104
4105
4109
4113
4116
4117
4121
4124
4126
4128
4132
4133
4135
4141
4142
4143
4144
4146
4148
4149
4151
4153
4154
4155
4158
4159
4160
4161
4166
4167
4168
4169
4174
4175
4178
4183
4184
4186
4187
4188
4190
4191
4194
4195
4200
4203
4205
4207
4210
4211
4212
4214
4215
4216
4217
4218
4219
4220
4221
4223
4224
4225
4226
4228
4229
4231
4232
4233
4234
4235
4237
4238
4239
4240
4246
4247
4248
4251
4254
4255
4259
4262
4263
4265
4267
4270
4273
4274
4275
4276
4277
4278
4279
4280
4282
4283
4285
4290
4291
4292
4293
4294
4296
4297
4298
4299
4304
4305
4306
4308
4310
4312
4313
4317
4318
4321
4322
4325
4326
4327
4329
4332
4333
4334
4336
4337
4338
4339
4340
4343
4344
4345
4349
4350
4351
4353
4354
4355
4356
4357
4359
4361
4366
4367
4368
4369
4370
4371
4372
4373
4378
4380
4381
4383
4386
4387
4388
4389
4392
4393
4396
4397
4401
4403
4404
4405
4406
4407
4409
4410
4411
4415
4419
4422
4424
4426
4427
4428
4429
4432
4433
4437
4438
4439
4440
4441
4442
4443
4444
4446
4447
4448
4450
4452
4454
4464
4465
4466
4467
4470
4473
4474
4476
4477
4478
4479
4480
4482
4483
4484
4486
4487
4488
4489
4492
4495
4496
4498
4499
4500
4501
4502
4506
4508
4509
4515
4517
4518
4519
4520
4523
4524
4526
4529
4531
4532
4533
4534
4535
4537
4541
4543
4544
4545
4546
4552
4553
4555
4557
4558
4562
4563
4564
4565
4568
4570
4571
4572
4574
4577
4578
4580
4585
4587
4589
4591
4595
4599
4600
4602
4603
4605
4612
4613
4614
4616
4618
4619
4621
4623
4624
4625
4626
4628
4636
4638
4639
4640
4641
4642
4643
4644
4646
4649
4654
4658
4661
4662
4664
4670
4672
4673
4675
4676
4677
4678
4679
4681
4682
4683
4686
4688
4690
4692
4696
4697
4699
4700
4701
4703
4704
4705
4709
4710
4711
4713
4714
4718
4719
4720
4721
4723
4725
4727
4728
4732
4733
4734
4735
4736
4738
4741
4743
4744
4745
4748
4754
4756
4757
4765
4767
4769
4770
4771
4772
4774
4776
4782
4783
4784
4786
4787
4788
4789
4792
4795
4798
4799
4801
4802
4803
4808
4809
4811
4812
4813
4814
4815
4816
4821
4823
4826
4830
4833
4834
4835
4840
4842
4844
4845
4846
4847
4848
4849
4855
4857
4862
4863
4865
4866
4867
4871
4873
4874
4876
4878
4880
4881
4885
4886
4887
4888
4889
4890
4896
4898
4899
4900
4901
4902
4903
4911
4912
4914
4915
4916
4919
4920
4921
4927
4928
4929
4932
4936
4939
4941
4945
4947
4951
4954
4956
4957
4958
4961
4963
4965
4966
4967
4969
4970
4971
4973
4974
4975
4976
4977
4978
4979
4980
4981
4989
4990
4991
4992
4993
4994
4995
4996
4998
5001
5002
5004
5007
5008
5009
5010
5011
5012
5013
5014
5015
5016
5017
5021
5022
5023
5025
5026
5027
5033
5034
5039
5040
5046
5047
5048
5049
5051
5054
5055
5056
5059
5060
5062
5064
5065
5066
5069
5072
5073
5074
5076
5077
5080
5081
5092
5093
5094
5095
5096
5099
5101
5102
5103
5105
5106
5107
5108
5109
5110
5111
5112
5114
5120
5121
5122
5125
5127
5128
5134
5135
5137
5139
5146
5147
5151
5152
5159
5165
5168
5169
5171
5172
5177
5187
5198
5214
5218
5219
5220
5222
5225
5226
5237
5238
5241
5244
5246
5247
5250
5254
5255
5258
5264
5265
5266
5267
5269
5272
5279
5282
5283
5288
5291
5292
5293
5294
5296
5297
5298
5299
5300
5303
5304
5308
5309
5312
5313
5316
5319
5323
5324
5325
5329
5333
5334
5339
5341
5348
5349
5352
5357
5359
5361
5363
5364
5367
5372
5373
5377
5378
5379
5380
5382
5383
5385
5387
5388
5389
5391
5392
5397
5398
5400
5401
5404
5410
5414
5415
5417
5418
5419
5420
5421
5422
5433
5434
5435
5437
5438
5440
5444
5445
5446
5447
5449
5450
5451
5452
5453
5459
5460
5463
5464
5470
5472
5475
5477
5478
5479
5480
5481
5483
5485
5489
5493
5497
5498
5499
5500
5501
5502
5504
5505
5506
5507
5508
5515
5516
5522
5523
5524
5525
5526
5527
5528
5529
5530
5540
5541
5544
5548
5553
5555
5563
5564
5568
5569
5570
5572
5573
5574
5577
5582
5588
5589
5601
5602
5603
5604
5607
5608
5609
5610
5611
5612
5613
5617
5618
5620
5621
5625
5628
5629
5630
5632
5633
5637
5638
5640
5642
5643
5644
5646
5649
5650
5651
5653
5663
5665
5666
5667
5668
5669
5670
5673
5678
5679
5680
5682
5685
5686
5689
5690
5692
5693
5696
5705
5707
5712
5721
5732
5745
5747
5749
5752
5765
5772
5777
5780
5782
5784
5785
5787
5788
5791
5792
5796
5797
5799
5801
5803
5804
5809
5810
5812
5816
5818
5820
5825
5826
5833
5836
5839
5840
5843
5847
5853
5867
5872
5873
5874
5875
5876
5878
5879
5881
5882
5888
5890
5893
5899
5900
5902
5903
5909
5927
5932
5938
5940
5941
5942
5943
5944
5945
5949
5952
5954
5955
5956
5957
5958
5959
5963
5965
5968
5969
5970
5971
5974
5980
5981
5989
5991
5992
5994
5995
5999
6001
6002
6003
6005
6006
6008
6012
6013
6014
6016
6021
6023
6027
6031
6032
6039
6040
6041
6051
6058
6059
6060
6062
6063
6077
6078
6093
6100
6101
6104
6122
6123
6125
6140
6155
6156
6157
6159
6162
6163
6166
6170
6178
6183
6184
6185
6186
6187
6188
6193
6196
6197
6201
6212
6213
6214
6215
6216
6218
6219
6220
6222
6223
6228
6230
6232
6235
6237
6238
6239
6242
6243
6244
6250
6252
6254
6263
6264
6265
6266
6268
6269
6270
6271
6273
6279
6280
6281
6283
6286
6287
6288
6290
6291
6294
6296
6297
6299
6300
6301
6303
6305
6306
6308
6315
6316
6322
6323
6327
6331
6332
6333
6335
6337
6338
6339
6341
6344
6345
6350
6356
6357
6358
6365
6367
6368
6370
6373
6374
6377
6378
6379
6380
6383
6385
6387
6392
6405
6412
6413
6422
6424
6425
6428
6429
6433
6436
6440
6441
6442
6448
6452
6457
6460
6461
6464
6466
6478
6480
6482
6484
6493
6502
6503
6506
6509
6516
6517
6530
6533
6534
6535
6536
6537
6538
6539
6541
6542
6545
6548
6550
6552
6558
6559
6561
6564
6565
6566
6567
6568
6579
6581
6582
6584
6586
6591
6592
6593
6595
6596
6598
6611
6612
6614
6615
6617
6618
6619
6620
6624
6629
6636
6638
6639
6643
6645
6650
6658
6659
6660
6662
6663
6664
6666
6667
6668
6669
6672
6678
6686
6695
6702
6705
6707
6708
6709
6710
6711
6713
6721
6722
6724
6731
6732
6734
6743
6748
6750
6753
6754
6755
6763
6764
6765
6768
6770
6772
6773
6774
6776
6777
6779
6780
6782
6783
6785
6786
6787
6789
6790
6791
6793
6794
6796
6797
6798
6800
6803
6807
6808
6810
6811
6812
6816
6818
6820
6832
6850
6852
6856
6857
6858
6862
6863
6867
6868
6869
6870
6873
6874
6879
6880
6881
6882
6884
6885
6887
6888
6889
6890
6893
6896
6898
6902
6909
6918
6920
6927
6932
6934
6935
6936
6942
6944
6945
6946
6947
6950
6951
6952
6953
6954
6957
6958
6959
6963
6966
6970
6971
6974
6975
6977
6978
6979
6983
6984
6985
6986
6987
6989
6990
6991
6992
6993
6996
6997
6999
7000
7001
7003
7004
7005
7007
7008
7009
7010
7013
7017
7018
7020
7022
7023
7024
7025
7026
7027
7028
7030
7033
7034
7036
7039
7040
7042
7043
7044
7045
7046
7048
7055
7056
7058
7059
7060
7061
7062
7063
7064
7065
7067
7068
7069
7070
7071
7072
7073
7074
7075
7076
7078
7079
7080
7082
7084
7086
7087
7088
7089
7090
7091
7096
7099
7101
7102
7104
7107
7114
7115
7116
7118
7121
7122
7123
7124
7132
7135
7136
7137
7139
7142
7143
7147
7149
7150
7151
7153
7154
7155
7156
7158
7160
7161
7162
7163
7164
7169
7171
7173
7177
7178
7193
7206
7208
7209
7210
7212
7215
7216
7217
7218
7223
7225
7228
7234
7235
7236
7238
7247
7250
7254
7255
7256
7258
7260
7263
7265
7285
7293
7294
7297
7299
7300
7303
7305
7311
7316
7317
7318
7319
7320
7323
7324
7325
7327
7334
7335
7340
7346
7347
7348
7352
7354
7360
7361
7362
7364
7365
7366
7367
7369
7371
7373
7374
7375
7376
7377
7379
7380
7381
7382
7386
7387
7395
7396
7419
7438
7439
7444
7445
7448
7450
7451
7454
7458
7459
7460
7478
7481
7482
7484
7486
7487
7489
7493
7505
7541
7560
7564
7566
7569
7570
7572
7573
7579
7584
7587
7614
7616
7617
7618
7619
7624
7646
7647
7649
7669
7698
7700
7701
7705
7706
7708
7713
7714
7720
7728
7743
7745
7748
7749
7756
7757
7759
7762
7766
7767
7771
7773
7781
7782
7791
7792
7802
7809
7810
7811
7812
7817
7820
7826
7827
7831
7832
7833
7834
7836
7840
7841
7842
7844
7845
7888
7889
7891
7894
7895
7896
7924
7925
7926
7932
7934
7937
7938
7939
7941
7943
7944
7951
7976
7979
7980
7981
7982
7983
7984
7990
7991
8008
8010
8011
8012
8014
8015
8016
8019
8033
8039
8042
8044
8045
8094
8117
8121
8125
8128
8131
8132
8147
8154
8157
8158
8167
8169
8183
8188
8191
8195
8197
8199
8207
8225
8228
8235
8239
8253
8254
8261
8264
8266
8268
8270
8291
8327
8334
8337
8338
8340
8341
8360
8361
8362
8364
8366
8368
8369
8370
8371
8372
8373
8376
8379
8387
8401
8404
8405
8451
8459
8464
8477
8482
8491
8492
8493
8501
8507
8512
8516
8521
8526
8528
8529
8530
8531
8532
8533
8535
8542
8576
8580
8581
8582
8589
8591
8596
8600
8604
8605
8607
8609
8610
8614
8618
8620
8622
8623
8633
8636
8638
8640
8641
8643
8644
8645
8656
8665
8666
8667
8670
8684
8690
8711
8712
8724
8731
8738
8751
8754
8765
8772
8781
8783
8784
8796
8798
8800
8807
8808
8809
8810
8813
8814
8815
8827
8831
8833
8836
8838
8848
8860
8861
8862
8865
8866
8870
8873
8874
8879
8880
8884
8905
8906
8907
8908
8910
8912
8914
8915
8916
8917
8923
8928
8930
8937
8939
8943
8947
8948
8949
8950
8951
8957
8958
8959
8961
8965
8966
8968
8969
8970
8972
8973
8974
8977
8981
8982
8983
8984
8985
8998
9004
9005
9010
9018
25750
25769
25771
25777
25788
25805
25827
25828
25850
25856
25923
25927
25940
25954
25999
26003
26007
26052
26064
26082
26084
26085
26094
26111
26122
26131
26133
26150
26151
26152
26163
26171
26172
26203
26242
26258
26285
26294
26326
26349
26350
26359
26375
26386
26398
26403
26422
26425
26444
26462
26471
26476
26485
26492
26524
26528
26547
26554
26555
26578
26585
26587
26603
26606
26614
26649
26662
26680
26693
26694
26704
26712
26713
26729
26750
26776
26819
26840
26865
26887
26903
26939
26947
26974
26999
27002
27020
27032
27156
27193
27251
27266
27311
27317
27338
27368
27397
27408
27410
27416
27441
27478
27482
27523
27563
27592
27604
27608
27611
27660
27674
27700
27706
27721
27722
27727
27728
27731
27741
27772
27773
27788
27790
27800
27801
27803
27808
27815
27816
27820
27821
27822
27831
27834
27837
27838
27839
27846
27850
27857
27869
27871
27873
27878
27879
27882
27899
27904
27912
30707
30749
30793
30803
30810
30812
30816
30818
30820
30822
30825
30846
30848
30850
30894
30898
31116
31162
31184
31193
31221
31225
31270
31364
31410
31420
31427
31433
31435
31437
31522
31658
31660
31685
31689
31694
31696
31804
31878
31923
31952
32017
32019
32025
32029
32031
32179
32213
32289
32291
32296
32298
32456
32460
32469
32554
32582
32587
32596
32598
32657
32840
32892
32898
33004
33072
33085
33138
33145
33154
33158
33162
33164
33166
33171
33312
33437
33493
33495
33499
33615
33639
33646
33649
33660
33669
33672
33679
33683
33725
33779
33794
33817
33830
33834
33836
33880
33896
33903
34048
34072
34143
34148
34150
34153
34162
34164
34198
34271
34319
34321
34323
34332
34334
34336
34338
34405
34437
34520
34523
34528
34530
34532
34534
34536
34542
34552
35347
35836
35957
36276
36363
36401
36509
36517
36519
36525
36527
36529
36535
36537
36708
37240
37380
37382
37384
37386
37475
37720
37727
37729
37731
37733
37736
37739
37741
37830
37853
37855
37857
38038
38061
38095
38159
38304
38388
38499
38600
38798
38886
38992
39052
39183
39231
39234
39292
39381
39414
39419
39427
39435
39444
39446
39449
39715
39869
40148
40278
40339
40412
40414
40581
40583
40614
40629
40723
40732
40815
40819
40826
40851
40870
40946
40955
40959
40962
40966
41285
41527
41566
41569
41571
41573
41716
41863
41997
42002
42004
42007
42009
42011
42013
42015
42018
42094
42197
42217
42418
42632
42718
42723
42725
42728
42730
42732
42734
42738
43333
43376
43396
43419
43460
43558
43560
43652
43679
43708
43744
43836
43869
43871
43917
43921
43928
43930
43936
44004
44022
44191
44193
44195
44197
44199
44204
44397
44555
44613
44633
44665
44694
44709
44761
44788
44828
44840
44849
44864
44929
44937
44972
44974
45003
45028
45062
45081
45106
45175
45183
45186
45208
45210
45221
45431
45440
45442
45447
45499
45501
45503
45517
45662
45666
45668
45672
45720
45722
45726
45728
45730
45732
45880
45928
45950
46062
46322
46335
46347
46530
46578
46723
46850
46855
46948
46965
46967
46970
46972
46974
46976
47044
47099
47122
47124
47200
47254
47382
47423
47465
47491
47518
47610
47629
47640
47644
47721
47725
47810
47894
47937
47950
47952
47970
47997
47999
48043
48061
48082
48142
48161
48304
48319
48322
48326
48385
48394
48412
48414
48416
48516
48518
48520
48560
48591
48593
48678
48696
48698
48738
48744
48774
48780
48783
48856
48872
48877
48982
48997
49130
49132
49220
49272
49274
49278
49280
49284
49286
49314
49347
49396
49530
49647
49649
49651
49772
49793
49822
49824
49910
49932
49957
49961
50005
50011
50064
50068
50160
50162
50189
50274
50442
50514
50601
50658
50685
50740
50742
50792
50794
50802
50804
50851
50872
50912
50923
51037
51077
51080
51084
51086
51088
51091
51255
51277
51412
51471
51540
51575
51662
51694
51698
51705
51709
51834
51884
51925
51927
51931
51935
51939
52042
52241
52245
52281
52283
52287
52319
52328
52375
52435
52456
52458
52462
52579
52604
52606
52644
52668
52694
52712
52722
52767
52885
52950
52952
52967
52973
52975
53000
53024
53121
53123
53125
53129
53161
53189
53207
53318
53322
53435
53447
53460
53464
53468
53519
53550
53894
53921
53953
53956
53972
53974
53993
53996
54001
54004
54190
54256
54259
54272
54276
54281
54286
54331
54372
54503
54648
54732
54734
54736
54745
54771
54775
54780
54785
54787
54796
54881
54962
54995
54997
54999
55031
55052
55069
55071
55080
55094
55118
55167
55176
55232
55245
55247
55250
55253
55261
55267
55269
55272
55274
55276
55280
55282
55284
55286
55290
55363
55442
55444
55451
55553
55555
55577
55687
55721
55729
55732
55765
55768
55805
55814
55820
55830
55872
55908
55946
55995
55999
56003
56145
56152
56156
56169
56171
56174
56176
56251
56274
56286
56333
56339
56367
56389
56563
56587
56607
56715
56757
56775
56782
56788
56801
56805
56885
56915
56921
56941
56949
57147
57243
57274
57353
57368
57401
57464
57504
57526
57528
57640
57669
57910
57951
58025
58047
58078
58103
58105
58107
58154
58156
58162
58191
58293
58295
58297
58299
58301
58303
58306
58332
58347
58351
58376
58425
58490
58559
58627
58655
58803
58806
58839
58975
58998
59016
59018
59022
59026
59037
59103
59118
59126
59141
59143
59220
59258
59315
59333
59336
59369
59387
59392
59418
59421
59501
59615
59725
59727
59731
59784
59810
59900
59985
59995
60037
60040
60069
60072
60074
60126
60161
60291
60293
60333
60397
60408
60487
60514
60609
60647
60674
60684
60753
60756
60760
60766
60816
60904
60937
60941
60943
60950
60979
61024
61026
61071
61075
61123
61132
61160
61236
61240
61246
61248
61250
61255
61262
61323
61350
61352
61394
61401
61406
61465
61697
61705
61729
61986
62049
62081
62113
62155
62203
62250
62293
62336
62344
62374
62376
62394
62434
62437
62439
62511
62553
62644
62733
62792
62849
62912
62956
62999
63033
63062
63072
63082
63113
63131
63222
63433
63436
63479
63808
63853
63859
63876
63992
64030
64032
64034
64197
64231
64249
64285
64497
64499
64501
64575
64614
64620
64622
64701
64716
64839
64957
64969
64983
64993
64997
65088
65126
65130
65133
65135
65188
65216
65225
65230
65261
65418
65465
65514
65577
65585
65596
65642
65682
65685
65802
65868
65882
65982
66090
66097
66130
66171
66198
66200
66203
66297
66371
66509
66665
66785
66798
66934
67087
67186
67193
67197
67255
67267
67295
67408
67508
67665
67695
67734
67788
67923
67997
68073
68099
68135
68157
68159
68194
68205
68237
68269
68319
68347
68358
68486
68522
68536
68554
68659
68791
68793
68848
68932
68941
68945
68952
68954
69069
69122
69134
69140
69275
69278
69306
69406
69436
69458
69481
69524
69526
69529
69604
69606
69640
69644
69712
69746
69757
69784
69844
69849
69951
70159
70183
70208
70286
70293
70305
70336
70533
70567
70599
70728
70862
70984
71033
71057
71106
71108
71129
71131
71135
71156
71205
71211
71248
71252
71254
71264
71282
71304
71327
71379
71429
71450
71462
71464
71466
71468
71500
71518
71520
71530
71535
71579
71619
71668
71745
71823
71838
71899
72011
72129
72131
72165
72167
72171
72209
72226
72294
72308
72356
72378
72380
72386
72393
72395
72405
72407
72479
72489
72554
72605
72641
72701
72720
72731
72733
72737
72741
72998
73015
73017
73023
73168
73211
73266
73268
73290
73319
73321
73323
73344
73587
73808
73854
73881
73929
74152
74154
74156
74228
74275
74282
74324
74370
74416
74450
74452
74458
74488
74508
74510
74530
74532
74545
74553
74624
74668
74677
74685
74688
74727
74750
74789
74795
74851
74868
74916
74944
74946
74948
75341
75395
75805
75813
75985
76030
76077
76079
76091
76093
76173
76175
76210
76251
76293
76763
77201
77307
77364
77414
77421
77427
77455
77540
77561
77795
77800
77837
77846
77866
78039
78041
78088
78105
78160
78174
78209
78218
78266
78316
78349
78469
78499
78574
78637
78729
78772
78836
78893
79008
79057
79091
79132
79134
79139
79185
79224
79242
79274
79293
79357
79428
79553
79592
79695
79702
79720
79796
79879
79897
80126
80166
80185
80219
80241
80363
80463
80489
80549
80551
80586
80590
80615
80693
80831
80839
80846
80860
80862
80864
80906
80917
80969
81018
81156
81158
81191
81229
81257
81417
81512
81535
81537
81562
81564
81591
81641
81782
81784
81788
81791
81819
81834
81845
81847
81932
82143
82167
82169
82202
82242
82459
82461
82463
82527
82534
82667
82744
82767
82852
83086
83132
83134
83219
83349
83369
83480
83613
83803
83976
84152
84187
84273
84374
84392
84395
84601
84615
84637
84716
84772
84847
84944
84952
84954
85020
85022
85025
85056
85131
85179
85213
85342
85354
85367
85394
85397
85401
85412
85414
85438
85510
85736
85774
85780
85788
85796
85881
86142
86190
86290
86293
86295
86298
86320
86332
86345
86347
86377
86504
86548
86628
86644
86781
86817
86833
86835
86852
86880
86882
86892
86898
86911
87192
87194
87222
87232
87234
87298
87304
87306
87308
87430
87483
87485
87520
87522
87529
87869
87876
88125
88129
88140
88163
88179
88235
88405
88672
88744
88785
88810
88812
88932
88954
89030
89039
89047
89085
89087
89118
89305
89343
89470
89492
89745
89753
89759
89761
89774
89804
89840
89864
89904
90057
90249
90345
90374
90376
90403
90405
90430
90439
90469
90522
90531
90576
90600
90603
90647
90717
90719
90746
90866
90888
91077
91079
91094
91104
91126
91128
91134
91233
91325
91414
91485
91500
91529
91535
91542
91622
91630
91653
91658
91842
91890
91974
91976
91978
92008
92259
92420
92422
92507
92509
92535
92643
92694
93040
93270
93272
93297
93326
93363
93443
93475
93498
93510
93512
93563
93721
93740
93766
93790
93805
93831
93838
93840
93855
93982
93988
94015
94018
94070
94266
94325
94405
94478
94677
94777
94780
94833
94864
94896
94959
94985
95088
95105
95167
95201
95207
95309
95311
95313
95377
95441
95449
95510
95543
95558
95583
95654
95720
95761
95858
95873
95875
96079
96110
96150
96281
96417
96432
96488
96588
96606
96610
96655
96691
96728
96737
96751
96811
96815
96821
96829
96832
96861
96911
97024
97057
97172
97188
97225
97304
97306
97752
97836
97860
97866
97870
97913
97921
97923
97936
97938
98056
98122
98124
98154
98203
98243
98491
98585
98809
98961
99007
99112
99114
99117
99145
99149
99437
99728
99813
99910
99912
99917
100108
100163
100244
100302
100383
100390
100487
100498
100527
100553
100556
100714
101025
101076
101088
101112
101142
101285
101360
101362
101415
101525
101577
101739
101741
101864
101895
101962
101973
102033
102123
102125
102194
102407
102445
102481
102666
102684
102686
102716
102720
102753
102800
102880
102903
102993
103042
103048
103075
103137
103141
103228
103235
103249
103253
103306
103335
103339
103341
103372
103384
103539
103606
103624
103655
103659
103688
103755
103772
103801
103810
103883
103980
103984
104069
104074
104078
104211
104241
104243
104272
104283
104303
104312
104337
104339
104374
104457
104841
104863
104879
104881
104908
104913
104925
104944
105197
105211
105213
105355
105468
105504
105593
105653
105731
105835
105844
105954
106002
106062
106072
106100
106330
106438
106441
106452
106487
106489
106491
106642
106696
106766
106782
106785
106841
106916
106918
106920
107069
107141
107348
107406
107771
107883
108188
108190
108709
108727
108729
108928
108932
108945
108981
108983
109187
109374
109483
109487
109578
109673
109846
109848
109850
109864
109895
110102
110110
110127
110501
110553
110586
110591
110730
110771
110882
111113
111235
111360
111362
111364
111384
111443
111617
111622
111659
111743
111759
111781
111921
112006
112138
112171
112175
112183
112290
112370
112421
112515
112552
112556
112623
112804
112818
112852
112868
112897
112911
112940
113225
113275
113345
113348
113378
113453
113573
113604
113741
113829
113862
114028
114060
114074
114180
114246
114342
114552
114554
114601
114662
114707
114762
114795
114847
114935
115122
115149
115170
115210
115231
115569
115617
115664
115667
115680
115713
116138
116161
116797
116799
116823
116887
116897
116977
117176
117192
117444
117466
117529
117533
117590
117851
117881
117887
117895
118696
118700
118702
118880
118898
118900
118985
118997
119141
119145
119155
120138
120466
120635
120799
121231
122882
122886
122890
122892
122900
122902
122904
122920
122922
122924
125916
126430
126548
127096
127098
127108
127152
127198
127202
128360
128512
128620
128838
129354
129514
129937
130073
130490
130520
130576
130634
131013
131656
131724
131796
132046
132424
132480
132796
133195
133419
133645
133771
134130
134170
134214
134368
134393
134853
134881
135133
135137
135141
135143
135288
135436
135518
135532
135536
135567
135569
135861
135887
136016
136018
136020
136449
136562
136598
136864
137337
137857
138036
138208
138210
138702
139385
139415
139642
139644
139855
140110
140174
140247
140267
140523
140711
140715
140928
141688
141749
141890
142448
142488
142536
142997
143245
143385
143859
144976
145418
145839
145935
146656
147384
148626
149352
149354
149406
150548
152017
152077
152079
152081
152970
155288
156387
157200
157296
158238
158872
158966
159093
159817
159858
160080
160271
160438
160718
160980
161582
162578
164179
166528
